bluemap:block/missing
RGBA(127, 0, 127, 1.000)
[0.5, 0.0, 0.5, 1.0]

minecraft:block/stone
RGBA(136, 136, 136, 1.000)
[0.5339304804801941, 0.5343593955039978, 0.5363814234733582, 1.0]

minecraft:block/grass
RGBA(101, 124, 47, 1.000)
[0.3992348909378052, 0.48920056223869324, 0.1865352839231491, 1.0]

minecraft:block/dirt
RGBA(115, 85, 48, 1.000)
[0.45324787497520447, 0.3349881172180176, 0.19155965745449066, 1.0]

minecraft:block/cobblestone
RGBA(107, 107, 107, 1.000)
[0.4218904674053192, 0.4221508800983429, 0.42063453793525696, 1.0]

minecraft:block/planks_oak
RGBA(192, 175, 121, 1.000)
[0.754780650138855, 0.6874247193336487, 0.47545984387397766, 1.0]

minecraft:block/planks_spruce
RGBA(107, 81, 50, 1.000)
[0.4230390191078186, 0.31887269020080566, 0.1967218816280365, 1.0]

minecraft:block/planks_birch
RGBA(206, 206, 201, 1.000)
[0.8099116683006287, 0.8088087439537048, 0.7885118126869202, 1.0]

minecraft:block/water
RGBA(116, 167, 253, 0.500)
[0.4552, 0.6574, 0.9922, 0.5]

minecraft:block/lava
RGBA(207, 91, 159, 1.000)
[0.8135, 0.3573, 0.6250, 1.0]

minecraft:block/sand
RGBA(208, 194, 144, 1.000)
[0.8170666098594666, 0.7608626484870911, 0.565686047077179, 1.0]

minecraft:block/gravel
RGBA(83, 83, 83, 1.000)
[0.3283698856830597, 0.3283698856830597, 0.3283698856830597, 1.0]

minecraft:block/gold_ore
RGBA(202, 160, 74, 1.000)
[0.7926623821258545, 0.6281408667564392, 0.293030321598053, 1.0]

minecraft:block/iron_ore
RGBA(107, 107, 107, 1.000)
[0.4227789044380188, 0.4215381145477295, 0.4223042130470276, 1.0]

minecraft:block/coal_ore
RGBA(42, 35, 40, 1.000)
[0.1655333936214447, 0.13921572268009186, 0.15974251925945282, 1.0]

minecraft:block/log_oak
RGBA(103, 96, 86, 1.000)
[0.40490248799324036, 0.37873852252960205, 0.3408552408218384, 1.0]

minecraft:block/log_spruce
RGBA(94, 66, 58, 1.000)
[0.37181392312049866, 0.2607075870037079, 0.22916662693023682, 1.0]

minecraft:block/log_birch
RGBA(206, 206, 201, 1.000)
[0.8099116683006287, 0.8088087439537048, 0.7885118126869202, 1.0]

minecraft:block/leaves_oak
RGBA(93, 144, 19, 0.900)
[0.36718761920928955, 0.566529393196106, 0.07647055387496948, 0.9]

minecraft:block/leaves_spruce
RGBA(67, 30, 32, 0.900)
[0.26562443375587463, 0.1177850142121315, 0.12631742656230927, 0.9]

minecraft:block/leaves_birch
RGBA(116, 167, 253, 0.900)
[0.4552, 0.6574, 0.9922, 0.9]

minecraft:block/wool_white
RGBA(229, 225, 207, 1.000)
[0.8998, 0.8859, 0.8148, 1.0]

minecraft:block/wool_orange
RGBA(199, 178, 84, 1.000)
[0.7809, 0.6994, 0.3324, 1.0]

minecraft:block/wool_magenta
RGBA(207, 91, 159, 1.000)
[0.8135, 0.3573, 0.6250, 1.0]

minecraft:block/wool_light_blue
RGBA(116, 167, 253, 1.000)
[0.4552, 0.6574, 0.9922, 1.0]

minecraft:block/wool_yellow
RGBA(202, 160, 74, 1.000)
[0.7926, 0.6281, 0.2930, 1.0]

minecraft:block/wool_lime
RGBA(93, 144, 19, 1.000)
[0.3671, 0.5665, 0.0764, 1.0]

minecraft:block/wool_pink
RGBA(207, 91, 159, 1.000)
[0.8135, 0.3573, 0.6250, 1.0]

minecraft:block/wool_gray
RGBA(73, 72, 77, 1.000)
[0.2870, 0.2844, 0.3055, 1.0]

minecraft:block/wool_light_gray
RGBA(136, 136, 136, 1.000)
[0.5339, 0.5343, 0.5363, 1.0]

minecraft:block/wool_cyan
RGBA(44, 46, 143, 1.000)
[0.1746, 0.1825, 0.5624, 1.0]

minecraft:block/wool_purple
RGBA(133, 97, 191, 1.000)
[0.5246, 0.3842, 0.7500, 1.0]

minecraft:block/wool_blue
RGBA(38, 51, 153, 1.000)
[0.1518, 0.2007, 0.6035, 1.0]

minecraft:block/wool_brown
RGBA(107, 88, 57, 1.000)
[0.4233, 0.3457, 0.2257, 1.0]

minecraft:block/wool_green
RGBA(101, 124, 47, 1.000)
[0.3992, 0.4892, 0.1865, 1.0]

minecraft:block/wool_red
RGBA(207, 91, 159, 1.000)
[0.8135, 0.3573, 0.6250, 1.0]

minecraft:block/wool_black
RGBA(8, 10, 15, 1.000)
[0.0329, 0.0407, 0.0604, 1.0]

minecraft:block/gold_block
RGBA(202, 160, 74, 1.000)
[0.7926, 0.6281, 0.2930, 1.0]

minecraft:block/iron_block
RGBA(107, 107, 107, 1.000)
[0.4227, 0.4215, 0.4223, 1.0]

minecraft:block/brick
RGBA(117, 220, 215, 1.000)
[0.4619, 0.8663, 0.8435, 1.0]

minecraft:block/mossy_cobblestone
RGBA(73, 72, 77, 1.000)
[0.2870, 0.2844, 0.3055, 1.0]

minecraft:block/obsidian
RGBA(8, 10, 15, 1.000)
[0.0329, 0.0407, 0.0604, 1.0]

minecraft:block/diamond_ore
RGBA(116, 167, 253, 1.000)
[0.4552, 0.6574, 0.9922, 1.0]

minecraft:block/diamond_block
RGBA(116, 167, 253, 1.000)
[0.4552, 0.6574, 0.9922, 1.0]

minecraft:block/redstone_ore
RGBA(207, 91, 159, 1.000)
[0.8135, 0.3573, 0.6250, 1.0]

minecraft:block/ice
RGBA(116, 167, 253, 0.500)
[0.4552, 0.6574, 0.9922, 0.5]

minecraft:block/snow
RGBA(229, 225, 207, 1.000)
[0.8998, 0.8859, 0.8148, 1.0]

minecraft:block/clay
RGBA(107, 107, 107, 1.000)
[0.4227, 0.4215, 0.4223, 1.0]

minecraft:block/pumpkin
RGBA(202, 160, 74, 1.000)
[0.7926, 0.6281, 0.2930, 1.0]

minecraft:block/netherrack
RGBA(95, 63, 55, 1.000)
[0.3753, 0.2499, 0.2190, 1.0]

minecraft:block/soul_sand
RGBA(67, 30, 32, 1.000)
[0.2656, 0.1177, 0.1263, 1.0]

minecraft:block/glowstone
RGBA(117, 220, 215, 1.000)
[0.4619, 0.8663, 0.8435, 1.0]

minecraft:block/long_grass
RGBA(93, 144, 19, 0.900)
[0.36718761920928955, 0.566529393196106, 0.07647055387496948, 0.9]

minecraft:block/vine
RGBA(93, 144, 19, 0.900)
[0.36718761920928955, 0.566529393196106, 0.07647055387496948, 0.9]

minecraft:block/stationary_water
RGBA(116, 167, 253, 0.500)
[0.4552, 0.6574, 0.9922, 0.5]

minecraft:block/leaves
RGBA(93, 144, 19, 0.900)
[0.36718761920928955, 0.566529393196106, 0.07647055387496948, 0.9]

// Legacy ID mappings
31:1
RGBA(93, 144, 19, 0.900)
[0.36718761920928955, 0.566529393196106, 0.07647055387496948, 0.9]

18:0
RGBA(93, 144, 19, 0.900)
[0.36718761920928955, 0.566529393196106, 0.07647055387496948, 0.9]

106:4
RGBA(93, 144, 19, 0.900)
[0.36718761920928955, 0.566529393196106, 0.07647055387496948, 0.9]

106:8
RGBA(93, 144, 19, 0.900)
[0.36718761920928955, 0.566529393196106, 0.07647055387496948, 0.9]

9:0
RGBA(116, 167, 253, 0.500)
[0.4552, 0.6574, 0.9922, 0.5] 